Pearson,RemoteWorkerUS,WPSHealthSolutions,SSMHealth,Staffigo,StateofWisconsin,EurofinsLancasterLaboratories,ExploreJobSearch,TetraTech,MARSSolutionsGroup,ResourceInnovations,ElevanceHealth,AmericanFamilyInsurance,